001 0 0 0 0 0 0 0 0 -1 -1 -1 
002 0 0 0 0 0 0 0 0 0 0 0 
003 1 1 1 1 1 1 1 1 1 1 1 
004 1 1 1 1 1 1 1 1 1 1 1 
005 1 1 1 1 1 1 1 1 1 1 1 
006 0 0 0 0 0 0 0 0 0 0 0 
007 0 0 -1 -1 -1 -1 -1 -1 -1 -1 -1 
008 0 0 0 0 0 0 0 0 0 0 0 
009 1 1 1 1 1 1 1 1 1 1 1 
010 1 1 1 1 1 1 1 1 1 1 1 
011 0 0 0 0 0 0 0 0 0 0 0 
012 0 0 -1 -1 -1 -1 -1 -1 0 0 0 
013 1 1 1 1 1 1 1 1 -1 -1 -1 
014 1 1 1 1 1 1 1 1 1 1 1 
015 1 1 1 1 1 1 1 1 1 1 1 
016 0 0 -1 -1 -1 0 0 0 0 0 0 
017 0 0 0 0 0 0 0 0 0 0 0 
018 1 1 1 1 1 1 1 1 1 1 1 
019 0 0 0 0 0 0 0 0 0 0 0 
020 1 1 1 1 1 1 1 1 1 1 1 
021 1 1 1 1 1 -1 -1 -1 1 1 1 
022 1 1 1 1 1 1 1 1 1 1 1 
023 1 1 1 1 1 1 1 1 1 1 1 
024 1 1 -1 -1 -1 -1 -1 -1 1 1 1 
025 0 0 0 0 0 -1 -1 -1 -1 -1 -1 
026 0 0 -1 -1 -1 -1 -1 -1 0 0 0 
027 1 1 1 1 1 1 1 1 1 1 1 
028 1 1 1 1 1 1 1 1 1 1 1 
029 0 0 0 0 0 0 0 0 0 0 0 
030 0 0 -1 -1 -1 0 0 0 0 0 0 
031 0 0 -1 -1 -1 0 0 0 0 0 0 
032 0 0 0 0 0 0 0 0 -1 -1 -1 
033 1 1 1 1 1 1 1 1 1 1 1 
034 1 1 1 1 1 1 1 1 1 1 1 
035 0 0 0 0 0 0 0 0 0 0 0 
036 0 0 0 0 0 0 0 0 0 0 0 
037 0 0 0 0 0 -1 -1 -1 0 0 0 
038 0 0 0 0 0 0 0 0 0 0 0 
039 0 0 0 0 0 0 0 0 -1 -1 -1 
040 1 1 1 1 1 1 1 1 1 1 1 
041 1 1 1 1 1 1 1 1 1 1 1 
042 0 0 0 0 0 0 0 0 0 0 0 
043 1 1 1 1 1 1 1 1 1 1 1 
044 0 0 0 0 0 0 0 0 0 0 0 
045 1 1 -1 -1 -1 -1 -1 -1 -1 -1 -1 
046 0 0 0 0 0 0 0 0 0 0 0 
047 0 0 0 0 0 0 0 0 0 0 0 
048 0 0 0 0 0 0 0 0 0 0 0 
049 0 0 0 0 0 0 0 0 0 0 0 
050 0 0 0 0 0 0 0 0 0 0 0 
051 0 0 -1 -1 -1 0 0 0 0 0 0 
052 0 0 0 0 0 0 0 0 0 0 0 
053 0 0 0 0 0 0 0 0 0 0 0 
054 0 0 0 0 0 0 0 0 0 0 0 
055 0 0 0 0 0 0 0 0 0 0 0 
056 1 1 0 0 0 1 1 1 0 0 0 
057 0 0 0 0 0 0 0 0 0 0 0 
058 0 0 -1 -1 -1 -1 -1 -1 -1 -1 -1 
059 0 0 -1 -1 -1 -1 -1 -1 -1 -1 -1 
060 0 0 -1 -1 -1 -1 -1 -1 -1 -1 -1 
061 0 0 -1 -1 -1 -1 -1 -1 -1 -1 -1 
062 0 0 0 0 0 0 0 0 1 1 1 
063 0 0 -1 -1 -1 0 0 0 0 0 0 
064 0 0 0 0 0 0 0 0 0 0 0 
065 0 0 0 0 0 0 0 0 -1 -1 -1 
066 1 1 -1 -1 -1 -1 -1 -1 1 1 1 
067 1 1 1 1 1 1 1 1 1 1 1 
068 0 0 0 0 0 0 0 0 0 0 0 
069 1 1 1 1 1 0 0 0 0 0 0 
070 0 0 0 0 0 0 0 0 0 0 0 
071 0 0 0 0 0 0 0 0 0 0 0 
072 0 0 -1 -1 -1 -1 -1 -1 -1 -1 -1 
073 1 1 1 1 1 -1 -1 -1 1 1 1 
074 1 1 1 1 1 1 1 1 1 1 1 
075 0 0 -1 -1 -1 0 0 0 0 0 0 
076 1 1 1 1 1 1 1 1 1 1 1 
077 0 0 0 0 0 -1 -1 -1 0 0 0 
078 1 1 1 1 1 1 1 1 1 1 1 
079 0 0 0 0 0 0 0 0 0 0 0 
080 0 0 0 0 0 0 0 0 0 0 0 
081 0 0 -1 -1 -1 -1 -1 -1 -1 -1 -1 
082 0 0 -1 -1 -1 -1 -1 -1 -1 -1 -1 
083 0 0 0 0 0 0 0 0 0 0 0 
084 1 1 1 1 1 -1 -1 -1 1 1 1 
085 1 1 1 1 1 1 1 1 1 1 1 
086 1 1 -1 -1 -1 -1 -1 -1 1 1 1 
087 1 1 -1 -1 -1 -1 -1 -1 -1 -1 -1 
088 0 0 -1 -1 -1 -1 -1 -1 -1 -1 -1 
089 0 0 -1 -1 -1 -1 -1 -1 -1 -1 -1 
090 1 1 1 1 1 1 1 1 -1 -1 -1 
091 1 1 -1 -1 -1 -1 -1 -1 1 1 1 
092 0 0 -1 -1 -1 -1 -1 -1 -1 -1 -1 
093 0 0 -1 -1 -1 -1 -1 -1 0 0 0 
094 1 1 1 1 1 -1 -1 -1 -1 -1 -1 
095 1 1 1 1 1 1 1 1 -1 -1 -1 
096 0 0 -1 -1 -1 0 0 0 0 0 0 
097 1 1 1 1 1 1 1 1 1 1 1 
098 0 0 0 0 0 -1 -1 -1 -1 -1 -1 
099 0 0 0 0 0 -1 -1 -1 0 0 0 
100 0 0 1 1 1 0 0 0 0 0 0 
101 1 1 -1 -1 -1 -1 -1 -1 -1 -1 -1 
102 1 1 1 1 1 1 1 1 1 1 1 
103 1 1 1 1 1 1 1 1 1 1 1 
104 0 0 0 0 0 0 0 0 0 0 0 
105 0 0 0 0 0 0 0 0 0 0 0 
106 1 1 1 1 1 1 1 1 1 1 1 
107 1 1 1 1 1 1 1 1 1 1 1 
108 1 1 0 0 0 0 0 0 0 0 0 
109 1 1 -1 -1 -1 1 1 1 -1 -1 -1 
110 1 1 1 1 1 1 1 1 1 1 1 
111 0 0 0 0 0 0 0 0 0 0 0 
112 1 1 0 0 0 0 0 0 0 0 0 
113 0 0 -1 -1 -1 0 0 0 0 0 0 
114 1 1 -1 -1 -1 1 1 1 1 1 1 
115 1 1 1 1 1 1 1 1 1 1 1 
116 1 1 1 1 1 1 1 1 1 1 1 
117 0 0 0 0 0 1 1 1 0 0 0 
118 0 0 0 0 0 0 0 0 0 0 0 
119 0 0 -1 -1 -1 -1 -1 -1 -1 -1 -1 
120 0 0 -1 -1 -1 0 0 0 -1 -1 -1 
121 0 0 -1 -1 -1 -1 -1 -1 -1 -1 -1 
122 0 0 0 0 0 0 0 0 0 0 0 
123 1 1 1 1 1 1 1 1 1 1 1 
124 0 0 0 0 0 0 0 0 0 0 0 
125 1 1 1 1 1 1 1 1 1 1 1 
126 0 0 0 0 0 0 0 0 0 0 0 
127 0 0 0 0 0 0 0 0 0 0 0 
128 1 1 1 1 1 1 1 1 1 1 1 
129 0 0 0 0 0 0 0 0 0 0 0 
130 0 0 1 1 1 -1 -1 -1 0 0 0 
131 0 0 0 0 0 0 0 0 0 0 0 
132 1 1 0 0 0 0 0 0 0 0 0 
133 1 1 1 1 1 1 1 1 1 1 1 
134 0 0 -1 -1 -1 -1 -1 -1 -1 -1 -1 
135 0 0 -1 -1 -1 -1 -1 -1 0 0 0 
136 1 1 1 1 1 -1 -1 -1 1 1 1 
137 0 0 0 0 0 0 0 0 0 0 0 
138 0 0 0 0 0 0 0 0 0 0 0 
139 0 0 0 0 0 0 0 0 0 0 0 
140 0 0 -1 -1 -1 -1 -1 -1 -1 -1 -1 
141 0 0 -1 -1 -1 -1 -1 -1 -1 -1 -1 
142 0 0 -1 -1 -1 -1 -1 -1 -1 -1 -1 
143 0 0 0 0 0 0 0 0 0 0 0 
144 1 1 -1 -1 -1 -1 -1 -1 0 0 0 
145 0 0 0 0 0 0 0 0 0 0 0 
146 1 1 -1 -1 -1 -1 -1 -1 -1 -1 -1 
147 0 0 -1 -1 -1 -1 -1 -1 0 0 0 
148 0 0 0 0 0 -1 -1 -1 0 0 0 
149 0 0 0 0 0 0 0 0 0 0 0 
150 1 1 1 1 1 1 1 1 0 0 0 
151 0 0 0 0 0 -1 -1 -1 0 0 0 
152 0 0 -1 -1 -1 -1 -1 -1 -1 -1 -1 
153 0 0 0 0 0 -1 -1 -1 0 0 0 
154 0 0 1 1 1 -1 -1 -1 -1 -1 -1 
155 0 0 -1 -1 -1 -1 -1 -1 -1 -1 -1 
156 0 0 0 0 0 0 0 0 0 0 0 
157 0 0 0 0 0 1 1 1 0 0 0 
158 0 0 0 0 0 0 0 0 -1 -1 -1 
159 1 1 1 1 1 -1 -1 -1 -1 -1 -1 
160 0 0 -1 -1 -1 -1 -1 -1 -1 -1 -1 
161 0 0 0 0 0 0 0 0 0 0 0 
162 0 0 -1 -1 -1 0 0 0 0 0 0 
163 1 1 1 1 1 -1 -1 -1 -1 -1 -1 
164 0 0 -1 -1 -1 -1 -1 -1 0 0 0 
165 1 1 -1 -1 -1 -1 -1 -1 -1 -1 -1 
166 0 0 0 0 0 -1 -1 -1 -1 -1 -1 
167 0 0 0 0 0 0 0 0 0 0 0 
168 1 1 1 1 1 1 1 1 1 1 1 
169 0 0 0 0 0 0 0 0 0 0 0 
170 1 1 1 1 1 1 1 1 1 1 1 
171 0 0 -1 -1 -1 -1 -1 -1 -1 -1 -1 
172 1 1 -1 -1 -1 0 0 0 0 0 0 
173 0 0 -1 -1 -1 -1 -1 -1 -1 -1 -1 
174 0 0 -1 -1 -1 -1 -1 -1 -1 -1 -1 
175 0 0 0 0 0 0 0 0 0 0 0 
176 0 0 -1 -1 -1 -1 -1 -1 -1 -1 -1 
177 0 0 0 0 0 1 1 1 1 1 1 
178 1 1 1 1 1 1 1 1 1 1 1 
179 0 0 -1 -1 -1 -1 -1 -1 -1 -1 -1 
180 1 1 -1 -1 -1 -1 -1 -1 -1 -1 -1 
181 0 0 0 0 0 0 0 0 0 0 0 
182 0 0 -1 -1 -1 -1 -1 -1 0 0 0 
183 0 0 -1 -1 -1 -1 -1 -1 -1 -1 -1 
184 0 0 0 0 0 0 0 0 0 0 0 
185 0 0 0 0 0 0 0 0 0 0 0 
186 0 0 0 0 0 0 0 0 0 0 0 
187 1 1 0 0 0 -1 -1 -1 -1 -1 -1 
188 1 1 1 1 1 1 1 1 1 1 1 
189 0 0 -1 -1 -1 -1 -1 -1 -1 -1 -1 
190 0 0 0 0 0 0 0 0 0 0 0 
191 0 0 0 0 0 0 0 0 0 0 0 
192 1 1 1 1 1 1 1 1 1 1 1 
193 1 1 1 1 1 0 0 0 0 0 0 
194 1 1 1 1 1 1 1 1 1 1 1 
195 1 1 -1 -1 -1 1 1 1 1 1 1 
196 0 0 0 0 0 0 0 0 0 0 0 
197 0 0 -1 -1 -1 -1 -1 -1 -1 -1 -1 
198 0 0 0 0 0 0 0 0 0 0 0 
199 0 0 0 0 0 0 0 0 0 0 0 
200 1 1 -1 -1 -1 -1 -1 -1 1 1 1 
201 0 0 -1 -1 -1 0 0 0 0 0 0 
202 0 0 0 0 0 0 0 0 0 0 0 
203 0 0 0 0 0 0 0 0 0 0 0 
204 1 1 1 1 1 -1 -1 -1 0 0 0 
205 1 1 1 1 1 1 1 1 1 1 1 
206 0 0 0 0 0 -1 -1 -1 0 0 0 
207 0 0 0 0 0 -1 -1 -1 0 0 0 
208 1 1 1 1 1 1 1 1 1 1 1 
209 0 0 0 0 0 0 0 0 0 0 0 
210 0 0 0 0 0 0 0 0 -1 -1 -1 
211 1 1 -1 -1 -1 -1 -1 -1 -1 -1 -1 
212 0 0 -1 -1 -1 -1 -1 -1 -1 -1 -1 
213 
214 1 1 -1 -1 -1 1 1 1 1 1 1 
215 0 0 0 0 0 -1 -1 -1 -1 -1 -1 
216 0 0 0 0 0 -1 -1 -1 0 0 0 
217 0 0 0 0 0 -1 -1 -1 0 0 0 
218 0 0 -1 -1 -1 -1 -1 -1 -1 -1 -1 
219 1 1 1 1 1 1 1 1 -1 -1 -1 
220 0 0 0 0 0 0 0 0 0 0 0 
221 1 1 1 1 1 1 1 1 -1 -1 -1 
222 0 0 -1 -1 -1 0 0 0 0 0 0 
223 1 1 0 0 0 1 1 1 0 0 0 
224 0 0 -1 -1 -1 0 0 0 0 0 0 
225 0 0 0 0 0 0 0 0 0 0 0 
226 1 1 -1 -1 -1 -1 -1 -1 -1 -1 -1 
227 0 0 0 0 0 0 0 0 0 0 0 
228 0 0 -1 -1 -1 1 1 1 -1 -1 -1 
229 1 1 1 1 1 1 1 1 -1 -1 -1 
230 0 0 1 1 1 1 1 1 0 0 0 
231 0 0 -1 -1 -1 -1 -1 -1 -1 -1 -1 
232 1 1 -1 -1 -1 -1 -1 -1 -1 -1 -1 
233 0 0 -1 -1 -1 -1 -1 -1 -1 -1 -1 
234 1 1 -1 -1 -1 -1 -1 -1 -1 -1 -1 
235 1 1 1 1 1 1 1 1 1 1 1 
236 1 1 1 1 1 1 1 1 1 1 1 
237 0 0 -1 -1 -1 -1 -1 -1 -1 -1 -1 
238 0 0 -1 -1 -1 -1 -1 -1 -1 -1 -1 
239 1 1 -1 -1 -1 -1 -1 -1 -1 -1 -1 
240 0 0 0 0 0 0 0 0 0 0 0 
241 1 1 1 1 1 1 1 1 1 1 1 
242 0 0 -1 -1 -1 -1 -1 -1 -1 -1 -1 
243 0 0 -1 -1 -1 -1 -1 -1 -1 -1 -1 
244 1 1 -1 -1 -1 -1 -1 -1 -1 -1 -1 
245 1 1 -1 -1 -1 -1 -1 -1 -1 -1 -1 
246 1 1 1 1 1 1 1 1 1 1 1 
247 0 0 -1 -1 -1 -1 -1 -1 0 0 0 
248 1 1 1 1 1 1 1 1 1 1 1 
249 0 0 -1 -1 -1 -1 -1 -1 -1 -1 -1 
250 1 1 1 1 1 1 1 1 1 1 1 
251 -1 -1 0 0 0 0 0 0 0 0 0 
252 -1 -1 1 1 1 1 1 1 1 1 1 
253 -1 -1 0 0 0 0 0 0 0 0 0 
254 -1 -1 1 1 1 -1 -1 -1 0 0 0 
255 -1 -1 0 0 0 0 0 0 0 0 0 
256 -1 -1 1 1 1 -1 -1 -1 -1 -1 -1 
257 -1 -1 1 1 1 -1 -1 -1 0 0 0 
258 -1 -1 0 0 0 -1 -1 -1 0 0 0 
259 -1 -1 0 0 0 -1 -1 -1 -1 -1 -1 
260 -1 -1 0 0 0 -1 -1 -1 -1 -1 -1 
261 -1 -1 0 0 0 0 0 0 0 0 0 
262 -1 -1 0 0 0 0 0 0 0 0 0 
263 -1 -1 0 0 0 0 0 0 0 0 0 
264 -1 -1 0 0 0 0 0 0 0 0 0 
265 -1 -1 1 1 1 -1 -1 -1 1 1 1 
266 -1 -1 0 0 0 0 0 0 0 0 0 
267 -1 -1 0 0 0 0 0 0 0 0 0 
268 -1 -1 1 1 1 1 1 1 -1 -1 -1 
269 -1 -1 1 1 1 -1 -1 -1 1 1 1 
270 
271 -1 -1 1 1 1 -1 -1 -1 1 1 1 
272 -1 -1 0 0 0 0 0 0 0 0 0 
273 -1 -1 0 0 0 0 0 0 0 0 0 
274 -1 -1 1 1 1 0 0 0 0 0 0 
275 
276 -1 -1 1 1 1 1 1 1 1 1 1 
277 -1 -1 0 0 0 0 0 0 0 0 0 
278 -1 -1 0 0 0 0 0 0 0 0 0 
279 -1 -1 0 0 0 -1 -1 -1 -1 -1 -1 
280 -1 -1 0 0 0 -1 -1 -1 0 0 0 
281 
282 
283 
284 -1 -1 1 1 1 -1 -1 -1 1 1 1 
285 -1 -1 0 0 0 -1 -1 -1 -1 -1 -1 
286 -1 -1 0 0 0 0 0 0 0 0 0 
287 -1 -1 0 0 0 -1 -1 -1 0 0 0 
288 -1 -1 0 0 0 -1 -1 -1 -1 -1 -1 
289 -1 -1 0 0 0 0 0 0 0 0 0 
290 -1 -1 0 0 0 -1 -1 -1 1 1 1 
291 -1 -1 0 0 0 -1 -1 -1 -1 -1 -1 
292 -1 -1 0 0 0 -1 -1 -1 0 0 0 
293 -1 -1 -1 -1 -1 0 0 0 0 0 0 
294 -1 -1 -1 -1 -1 0 0 0 0 0 0 
295 -1 -1 -1 -1 -1 0 0 0 0 0 0 
296 -1 -1 -1 -1 -1 0 0 0 -1 -1 -1 
297 -1 -1 -1 -1 -1 1 1 1 1 1 1 
298 -1 -1 -1 -1 -1 1 1 1 1 1 1 
299 -1 -1 -1 -1 -1 1 1 1 1 1 1 
300 -1 -1 -1 -1 -1 0 0 0 0 0 0 
301 -1 -1 -1 -1 -1 1 1 1 1 1 1 
302 -1 -1 -1 -1 -1 1 1 1 0 0 0 
303 -1 -1 -1 -1 -1 0 0 0 -1 -1 -1 
304 -1 -1 -1 -1 -1 0 0 0 -1 -1 -1 
305 -1 -1 -1 -1 -1 0 0 0 0 0 0 
306 -1 -1 -1 -1 -1 0 0 0 0 0 0 
307 
308 -1 -1 -1 -1 -1 1 1 1 1 1 1 
309 -1 -1 -1 -1 -1 1 1 1 -1 -1 -1 
310 -1 -1 -1 -1 -1 1 1 1 1 1 1 
311 -1 -1 -1 -1 -1 1 1 1 -1 -1 -1 
312 -1 -1 -1 -1 -1 0 0 0 0 0 0 
313 -1 -1 -1 -1 -1 1 1 1 1 1 1 
314 -1 -1 -1 -1 -1 1 1 1 1 1 1 
315 -1 -1 -1 -1 -1 1 1 1 1 1 1 
316 -1 -1 -1 -1 -1 0 0 0 0 0 0 
317 -1 -1 -1 -1 -1 1 1 1 0 0 0 
318 -1 -1 -1 -1 -1 0 0 0 0 0 0 
319 -1 -1 -1 -1 -1 1 1 1 -1 -1 -1 
320 -1 -1 -1 -1 -1 0 0 0 -1 -1 -1 
321 -1 -1 -1 -1 -1 1 1 1 1 1 1 
322 -1 -1 -1 -1 -1 0 0 0 0 0 0 
323 -1 -1 -1 -1 -1 0 0 0 0 0 0 
324 -1 -1 -1 -1 -1 1 1 1 1 1 1 
325 -1 -1 -1 -1 -1 0 0 0 -1 -1 -1 
326 -1 -1 -1 -1 -1 0 0 0 1 1 1 
327 -1 -1 -1 -1 -1 0 0 0 -1 -1 -1 
328 -1 -1 -1 -1 -1 0 0 0 -1 -1 -1 
329 -1 -1 -1 -1 -1 0 0 0 -1 -1 -1 
330 -1 -1 -1 -1 -1 0 0 0 -1 -1 -1 
331 
332 -1 -1 -1 -1 -1 0 0 0 -1 -1 -1 
333 -1 -1 -1 -1 -1 0 0 0 0 0 0 
334 -1 -1 -1 -1 -1 0 0 0 -1 -1 -1 
335 -1 -1 -1 -1 -1 0 0 0 0 0 0 
336 -1 -1 -1 -1 -1 0 0 0 1 1 1 
337 -1 -1 -1 -1 -1 1 1 1 1 1 1 
338 -1 -1 -1 -1 -1 0 0 0 -1 -1 -1 
339 -1 -1 -1 -1 -1 0 0 0 0 0 0 
340 
341 -1 -1 -1 -1 -1 0 0 0 0 0 0 
342 -1 -1 -1 -1 -1 1 1 1 1 1 1 
343 -1 -1 -1 -1 -1 1 1 1 -1 -1 -1 
344 -1 -1 -1 -1 -1 1 1 1 1 1 1 
345 -1 -1 -1 -1 -1 0 0 0 0 0 0 
346 -1 -1 -1 -1 -1 1 1 1 1 1 1 
